   3.4653400e+02  -1.4462000e+01   5.3000000e+01
   3.6676998e+01   2.3561303e+01   5.0000000e+00
   3.6676998e+01   2.3563255e+01   1.0000000e+01
   3.6677210e+01   2.3566374e+01   2.0000000e+01
   3.6679919e+01   2.3545000e+01   3.0000000e+01
   3.6687001e+01   2.3546048e+01   4.0000000e+01
   3.6764134e+01   2.3549196e+01   5.0000000e+01
   3.6784758e+01   2.3417131e+01   6.0000000e+01
   3.6781915e+01   2.3330347e+01   7.0000000e+01
   3.6781432e+01   2.3282270e+01   7.5000000e+01
   3.6780190e+01   2.3199303e+01   8.0000000e+01
   3.6759909e+01   2.2416211e+01   9.0000000e+01
   3.6671357e+01   2.1788001e+01   1.0000000e+02
   3.6525391e+01   2.0914660e+01   1.1000000e+02
   3.6304526e+01   1.9638228e+01   1.2000000e+02
   3.6235217e+01   1.9250603e+01   1.2500000e+02
   3.6163844e+01   1.8847307e+01   1.3000000e+02
   3.5998084e+01   1.7871710e+01   1.4000000e+02
   3.5802720e+01   1.6795456e+01   1.5000000e+02
   3.5637344e+01   1.5791135e+01   1.6000000e+02
   3.5485295e+01   1.4829648e+01   1.7000000e+02
   3.5414706e+01   1.4327687e+01   1.7500000e+02
   3.5346238e+01   1.3846030e+01   1.8000000e+02
   3.5238546e+01   1.3142879e+01   1.9000000e+02
   3.5182922e+01   1.2621228e+01   2.0000000e+02
   3.5152352e+01   1.2278647e+01   2.1000000e+02
   3.5108599e+01   1.1892588e+01   2.2000000e+02
   3.5091073e+01   1.1737433e+01   2.2500000e+02
   3.5075030e+01   1.1588961e+01   2.3000000e+02
   3.5060837e+01   1.1377204e+01   2.4000000e+02
   3.5040980e+01   1.1207194e+01   2.5000000e+02
   3.5015644e+01   1.0960906e+01   2.6000000e+02
   3.4988971e+01   1.0740029e+01   2.7000000e+02
   3.4977696e+01   1.0634637e+01   2.7500000e+02
   3.4967450e+01   1.0539402e+01   2.8000000e+02
   3.4958849e+01   1.0466150e+01   2.9000000e+02
   3.4936271e+01   1.0253125e+01   3.0000000e+02
   3.4873600e+01   9.7160403e+00   3.2500000e+02
   3.4805199e+01   9.1036193e+00   3.5000000e+02
   3.4753011e+01   8.5248541e+00   3.7500000e+02
   3.4705103e+01   8.0662514e+00   4.0000000e+02
   3.4680151e+01   7.8232374e+00   4.2500000e+02
   3.4654654e+01   7.5725761e+00   4.5000000e+02
   3.4612654e+01   7.0905762e+00   4.7500000e+02
   3.4571229e+01   6.6149261e+00   5.0000000e+02
   3.4523229e+01   6.0462085e+00   5.5000000e+02
   3.4480867e+01   5.3964391e+00   6.0000000e+02
   3.4469931e+01   5.1834938e+00   6.5000000e+02
   3.4464916e+01   5.0023659e+00   7.0000000e+02
   3.4459027e+01   4.6729941e+00   7.5000000e+02
   3.4461127e+01   4.4584949e+00   8.0000000e+02
   3.4477269e+01   4.2711651e+00   8.5000000e+02
   3.4496521e+01   4.1409526e+00   9.0000000e+02
   3.4520302e+01   4.0482750e+00   9.5000000e+02
